// created time: 2026-05-30 09:57:02
#include<bits/stdc++.h>
using namespace std;
typedef long long ll;
typedef unsigned long long ull;
#define fi first
#define se second
#define mkp make_pair
#define pb emplace_back
#define popcnt __builtin_popcountll
const int mod = 998244353;
inline ll read(){
	ll x=0, f=1; int ch=getchar();
	while(ch<'0' || ch>'9') { if(ch=='-') f=-1; ch=getchar(); }
	while(ch>='0' && ch<='9') x=x*10+ch-'0', ch=getchar();
	return x*f;
}
inline int lg2(int x){ return 31^__builtin_clz(x); }
inline ll lg2(ll x){ return 63^__builtin_clzll(x); }
template<typename T>inline void addmod(T &x){ if(x >= mod) x -= mod; }
template<typename T>inline void chkmax(T &a,T b){ a=max(a,b); }
template<typename T>inline void chkmin(T &a,T b){ a=min(a,b); }
inline ll qpow(ll a,ll b){
	ll ans=1, base=a;
	while(b){
		if(b&1) ans=ans*base%mod;
		base=base*base%mod; b>>=1;
	}
	return ans;
}
inline ll INV(ll x){ return qpow(x, mod-2); }



int ans[55][55];
void procedure(){
	int n=read(),m=read();
	printf("%d\n", ans[n][m]);
}
int main(){
	#ifdef LOCAL
		assert(freopen("test.in","r",stdin));
		assert(freopen("test.out","w",stdout));
	#endif
	ll T=1;
	ans[1][1]=4;
ans[1][2]=6;
ans[1][3]=10;
ans[1][4]=16;
ans[1][5]=26;
ans[1][6]=42;
ans[1][7]=68;
ans[1][8]=110;
ans[1][9]=178;
ans[1][10]=288;
ans[1][11]=466;
ans[1][12]=754;
ans[1][13]=1220;
ans[1][14]=1974;
ans[1][15]=3194;
ans[1][16]=5168;
ans[1][17]=8362;
ans[1][18]=13530;
ans[1][19]=21892;
ans[1][20]=35422;
ans[1][21]=57314;
ans[1][22]=92736;
ans[1][23]=150050;
ans[1][24]=242786;
ans[2][1]=6;
ans[2][2]=14;
ans[2][3]=34;
ans[2][4]=82;
ans[2][5]=198;
ans[2][6]=478;
ans[2][7]=1154;
ans[2][8]=2786;
ans[2][9]=6726;
ans[2][10]=16238;
ans[2][11]=39202;
ans[2][12]=94642;
ans[2][13]=228486;
ans[2][14]=551614;
ans[2][15]=1331714;
ans[2][16]=3215042;
ans[2][17]=7761798;
ans[2][18]=18738638;
ans[2][19]=45239074;
ans[2][20]=109216786;
ans[2][21]=263672646;
ans[2][22]=636562078;
ans[2][23]=538552449;
ans[2][24]=715422623;
ans[3][1]=10;
ans[3][2]=34;
ans[3][3]=126;
ans[3][4]=454;
ans[3][5]=1654;
ans[3][6]=5998;
ans[3][7]=21794;
ans[3][8]=79122;
ans[3][9]=287354;
ans[3][10]=1043442;
ans[3][11]=3789214;
ans[3][12]=13759958;
ans[3][13]=49967846;
ans[3][14]=181451998;
ans[3][15]=658921858;
ans[3][16]=396307040;
ans[3][17]=703199970;
ans[3][18]=608057123;
ans[3][19]=783414796;
ans[3][20]=825887878;
ans[3][21]=657842797;
ans[3][22]=671733974;
ans[3][23]=514132522;
ans[3][24]=239803598;
ans[4][1]=16;
ans[4][2]=82;
ans[4][3]=454;
ans[4][4]=2468;
ans[4][5]=13486;
ans[4][6]=73574;
ans[4][7]=401596;
ans[4][8]=2191702;
ans[4][9]=11961826;
ans[4][10]=65283832;
ans[4][11]=356300442;
ans[4][12]=946337561;
ans[4][13]=630513342;
ans[4][14]=24216528;
ans[4][15]=678124802;
ans[4][16]=341808860;
ans[4][17]=782338446;
ans[4][18]=353923685;
ans[4][19]=66436362;
ans[4][20]=846744451;
ans[4][21]=425986066;
ans[4][22]=373151395;
ans[4][23]=182691803;
ans[4][24]=635146701;
ans[5][1]=26;
ans[5][2]=198;
ans[5][3]=1654;
ans[5][4]=13486;
ans[5][5]=110894;
ans[5][6]=908770;
ans[5][7]=7458182;
ans[5][8]=61169374;
ans[5][9]=501832262;
ans[5][10]=123520918;
ans[5][11]=827234621;
ans[5][12]=502426749;
ans[5][13]=438911670;
ans[5][14]=194550940;
ans[5][15]=370441189;
ans[5][16]=709335819;
ans[5][17]=195986497;
ans[5][18]=143388044;
ans[5][19]=482820599;
ans[5][20]=554824385;
ans[5][21]=275449685;
ans[5][22]=689665743;
ans[5][23]=130244776;
ans[5][24]=84517320;
ans[6][1]=42;
ans[6][2]=478;
ans[6][3]=5998;
ans[6][4]=73574;
ans[6][5]=908770;
ans[6][6]=11197722;
ans[6][7]=138100506;
ans[6][8]=704359705;
ans[6][9]=30523393;
ans[6][10]=300483971;
ans[6][11]=167264001;
ans[6][12]=619991054;
ans[6][13]=982393439;
ans[6][14]=971553657;
ans[6][15]=462016199;
ans[6][16]=167484158;
ans[6][17]=430761202;
ans[6][18]=361911456;
ans[6][19]=11408306;
ans[6][20]=408647554;
ans[6][21]=583029172;
ans[6][22]=578960700;
ans[6][23]=657025630;
ans[6][24]=749395312;
ans[7][1]=68;
ans[7][2]=1154;
ans[7][3]=21794;
ans[7][4]=401596;
ans[7][5]=7458182;
ans[7][6]=138100506;
ans[7][7]=563769194;
ans[7][8]=522815399;
ans[7][9]=788921750;
ans[7][10]=657297226;
ans[7][11]=385076964;
ans[7][12]=917570473;
ans[7][13]=783113678;
ans[7][14]=825312059;
ans[7][15]=354594324;
ans[7][16]=818388072;
ans[7][17]=490533170;
ans[7][18]=204072071;
ans[7][19]=282700546;
ans[7][20]=22756408;
ans[7][21]=718867329;
ans[7][22]=481594643;
ans[7][23]=880467361;
ans[7][24]=6231573;
ans[8][1]=110;
ans[8][2]=2786;
ans[8][3]=79122;
ans[8][4]=2191702;
ans[8][5]=61169374;
ans[8][6]=704359705;
ans[8][7]=522815399;
ans[8][8]=618646891;
ans[8][9]=353269119;
ans[8][10]=814191916;
ans[8][11]=991820754;
ans[8][12]=325454888;
ans[8][13]=988583147;
ans[8][14]=158695724;
ans[8][15]=774812380;
ans[8][16]=500705394;
ans[8][17]=247537190;
ans[8][18]=486273918;
ans[8][19]=21286596;
ans[8][20]=938070641;
ans[8][21]=203346338;
ans[8][22]=355116018;
ans[8][23]=975112953;
ans[8][24]=378154791;
ans[9][1]=178;
ans[9][2]=6726;
ans[9][3]=287354;
ans[9][4]=11961826;
ans[9][5]=501832262;
ans[9][6]=30523393;
ans[9][7]=788921750;
ans[9][8]=353269119;
ans[9][9]=174651543;
ans[9][10]=255118208;
ans[9][11]=741016966;
ans[9][12]=430825940;
ans[9][13]=447493468;
ans[9][14]=832503467;
ans[9][15]=392161871;
ans[9][16]=81346512;
ans[9][17]=777268119;
ans[9][18]=86949;
ans[9][19]=260816893;
ans[9][20]=439097719;
ans[9][21]=65628471;
ans[9][22]=704122152;
ans[9][23]=562810749;
ans[9][24]=48280463;
ans[10][1]=288;
ans[10][2]=16238;
ans[10][3]=1043442;
ans[10][4]=65283832;
ans[10][5]=123520918;
ans[10][6]=300483971;
ans[10][7]=657297226;
ans[10][8]=814191916;
ans[10][9]=255118208;
ans[10][10]=778857939;
ans[10][11]=780280466;
ans[10][12]=8038478;
ans[10][13]=562822878;
ans[10][14]=38195780;
ans[10][15]=612026487;
ans[10][16]=584278429;
ans[10][17]=133678358;
ans[10][18]=519170342;
ans[10][19]=296728524;
ans[10][20]=376322515;
ans[10][21]=829240861;
ans[10][22]=345163478;
ans[10][23]=264627553;
ans[10][24]=262980650;
ans[11][1]=466;
ans[11][2]=39202;
ans[11][3]=3789214;
ans[11][4]=356300442;
ans[11][5]=827234621;
ans[11][6]=167264001;
ans[11][7]=385076964;
ans[11][8]=991820754;
ans[11][9]=741016966;
ans[11][10]=780280466;
ans[11][11]=946952732;
ans[11][12]=23998860;
ans[11][13]=257932462;
ans[11][14]=531504379;
ans[11][15]=76478493;
ans[11][16]=584099036;
ans[11][17]=918693032;
ans[11][18]=340309251;
ans[11][19]=271275558;
ans[11][20]=799381749;
ans[11][21]=672484501;
ans[11][22]=732547187;
ans[11][23]=739859028;
ans[11][24]=816324661;
ans[12][1]=754;
ans[12][2]=94642;
ans[12][3]=13759958;
ans[12][4]=946337561;
ans[12][5]=502426749;
ans[12][6]=619991054;
ans[12][7]=917570473;
ans[12][8]=325454888;
ans[12][9]=430825940;
ans[12][10]=8038478;
ans[12][11]=23998860;
ans[12][12]=582527565;
ans[12][13]=162962894;
ans[12][14]=418430059;
ans[12][15]=458966756;
ans[12][16]=849814463;
ans[12][17]=437393871;
ans[12][18]=954730931;
ans[12][19]=162854127;
ans[12][20]=119197299;
ans[12][21]=853627597;
ans[12][22]=839683838;
ans[12][23]=160099438;
ans[12][24]=892558209;
ans[13][1]=1220;
ans[13][2]=228486;
ans[13][3]=49967846;
ans[13][4]=630513342;
ans[13][5]=438911670;
ans[13][6]=982393439;
ans[13][7]=783113678;
ans[13][8]=988583147;
ans[13][9]=447493468;
ans[13][10]=562822878;
ans[13][11]=257932462;
ans[13][12]=162962894;
ans[13][13]=641697399;
ans[13][14]=44788716;
ans[13][15]=549456284;
ans[13][16]=472708412;
ans[13][17]=497023280;
ans[13][18]=33442112;
ans[13][19]=528839023;
ans[13][20]=685787560;
ans[13][21]=880266714;
ans[13][22]=864236269;
ans[13][23]=375095868;
ans[13][24]=822629042;
ans[14][1]=1974;
ans[14][2]=551614;
ans[14][3]=181451998;
ans[14][4]=24216528;
ans[14][5]=194550940;
ans[14][6]=971553657;
ans[14][7]=825312059;
ans[14][8]=158695724;
ans[14][9]=832503467;
ans[14][10]=38195780;
ans[14][11]=531504379;
ans[14][12]=418430059;
ans[14][13]=44788716;
ans[14][14]=827982241;
ans[14][15]=893660039;
ans[14][16]=857308973;
ans[14][17]=756493485;
ans[14][18]=439044100;
ans[14][19]=588438252;
ans[14][20]=129037699;
ans[14][21]=601970693;
ans[14][22]=687132429;
ans[14][23]=688899553;
ans[14][24]=897976323;
ans[15][1]=3194;
ans[15][2]=1331714;
ans[15][3]=658921858;
ans[15][4]=678124802;
ans[15][5]=370441189;
ans[15][6]=462016199;
ans[15][7]=354594324;
ans[15][8]=774812380;
ans[15][9]=392161871;
ans[15][10]=612026487;
ans[15][11]=76478493;
ans[15][12]=458966756;
ans[15][13]=549456284;
ans[15][14]=893660039;
ans[15][15]=973497767;
ans[15][16]=374664162;
ans[15][17]=602296374;
ans[15][18]=937864143;
ans[15][19]=941608571;
ans[15][20]=451194912;
ans[15][21]=874206699;
ans[15][22]=756332430;
ans[15][23]=2727357;
ans[15][24]=579196025;
ans[16][1]=5168;
ans[16][2]=3215042;
ans[16][3]=396307040;
ans[16][4]=341808860;
ans[16][5]=709335819;
ans[16][6]=167484158;
ans[16][7]=818388072;
ans[16][8]=500705394;
ans[16][9]=81346512;
ans[16][10]=584278429;
ans[16][11]=584099036;
ans[16][12]=849814463;
ans[16][13]=472708412;
ans[16][14]=857308973;
ans[16][15]=374664162;
ans[16][16]=357230729;
ans[16][17]=57762764;
ans[16][18]=965726722;
ans[16][19]=338429562;
ans[16][20]=576341965;
ans[16][21]=713291657;
ans[16][22]=598042173;
ans[16][23]=369214419;
ans[16][24]=118063594;
ans[17][1]=8362;
ans[17][2]=7761798;
ans[17][3]=703199970;
ans[17][4]=782338446;
ans[17][5]=195986497;
ans[17][6]=430761202;
ans[17][7]=490533170;
ans[17][8]=247537190;
ans[17][9]=777268119;
ans[17][10]=133678358;
ans[17][11]=918693032;
ans[17][12]=437393871;
ans[17][13]=497023280;
ans[17][14]=756493485;
ans[17][15]=602296374;
ans[17][16]=57762764;
ans[17][17]=788134134;
ans[17][18]=714247039;
ans[17][19]=618120378;
ans[17][20]=406755252;
ans[17][21]=873096218;
ans[17][22]=978969827;
ans[17][23]=751833966;
ans[17][24]=14117233;
ans[18][1]=13530;
ans[18][2]=18738638;
ans[18][3]=608057123;
ans[18][4]=353923685;
ans[18][5]=143388044;
ans[18][6]=361911456;
ans[18][7]=204072071;
ans[18][8]=486273918;
ans[18][9]=86949;
ans[18][10]=519170342;
ans[18][11]=340309251;
ans[18][12]=954730931;
ans[18][13]=33442112;
ans[18][14]=439044100;
ans[18][15]=937864143;
ans[18][16]=965726722;
ans[18][17]=714247039;
ans[18][18]=863172746;
ans[18][19]=848394410;
ans[18][20]=918564227;
ans[18][21]=972683633;
ans[18][22]=483708092;
ans[18][23]=731653021;
ans[18][24]=873733338;
ans[19][1]=21892;
ans[19][2]=45239074;
ans[19][3]=783414796;
ans[19][4]=66436362;
ans[19][5]=482820599;
ans[19][6]=11408306;
ans[19][7]=282700546;
ans[19][8]=21286596;
ans[19][9]=260816893;
ans[19][10]=296728524;
ans[19][11]=271275558;
ans[19][12]=162854127;
ans[19][13]=528839023;
ans[19][14]=588438252;
ans[19][15]=941608571;
ans[19][16]=338429562;
ans[19][17]=618120378;
ans[19][18]=848394410;
ans[19][19]=401063754;
ans[19][20]=94291214;
ans[19][21]=917665023;
ans[19][22]=157350705;
ans[19][23]=961444462;
ans[19][24]=110126488;
ans[20][1]=35422;
ans[20][2]=109216786;
ans[20][3]=825887878;
ans[20][4]=846744451;
ans[20][5]=554824385;
ans[20][6]=408647554;
ans[20][7]=22756408;
ans[20][8]=938070641;
ans[20][9]=439097719;
ans[20][10]=376322515;
ans[20][11]=799381749;
ans[20][12]=119197299;
ans[20][13]=685787560;
ans[20][14]=129037699;
ans[20][15]=451194912;
ans[20][16]=576341965;
ans[20][17]=406755252;
ans[20][18]=918564227;
ans[20][19]=94291214;
ans[20][20]=758010071;
ans[20][21]=226060160;
ans[20][22]=233192420;
ans[20][23]=517163752;
ans[20][24]=43469418;
ans[21][1]=57314;
ans[21][2]=263672646;
ans[21][3]=657842797;
ans[21][4]=425986066;
ans[21][5]=275449685;
ans[21][6]=583029172;
ans[21][7]=718867329;
ans[21][8]=203346338;
ans[21][9]=65628471;
ans[21][10]=829240861;
ans[21][11]=672484501;
ans[21][12]=853627597;
ans[21][13]=880266714;
ans[21][14]=601970693;
ans[21][15]=874206699;
ans[21][16]=713291657;
ans[21][17]=873096218;
ans[21][18]=972683633;
ans[21][19]=917665023;
ans[21][20]=226060160;
ans[21][21]=405975872;
ans[21][22]=654514971;
ans[21][23]=621055919;
ans[21][24]=429295212;
ans[22][1]=92736;
ans[22][2]=636562078;
ans[22][3]=671733974;
ans[22][4]=373151395;
ans[22][5]=689665743;
ans[22][6]=578960700;
ans[22][7]=481594643;
ans[22][8]=355116018;
ans[22][9]=704122152;
ans[22][10]=345163478;
ans[22][11]=732547187;
ans[22][12]=839683838;
ans[22][13]=864236269;
ans[22][14]=687132429;
ans[22][15]=756332430;
ans[22][16]=598042173;
ans[22][17]=978969827;
ans[22][18]=483708092;
ans[22][19]=157350705;
ans[22][20]=233192420;
ans[22][21]=654514971;
ans[22][22]=52283765;
ans[22][23]=582044100;
ans[22][24]=367195929;
ans[23][1]=150050;
ans[23][2]=538552449;
ans[23][3]=514132522;
ans[23][4]=182691803;
ans[23][5]=130244776;
ans[23][6]=657025630;
ans[23][7]=880467361;
ans[23][8]=975112953;
ans[23][9]=562810749;
ans[23][10]=264627553;
ans[23][11]=739859028;
ans[23][12]=160099438;
ans[23][13]=375095868;
ans[23][14]=688899553;
ans[23][15]=2727357;
ans[23][16]=369214419;
ans[23][17]=751833966;
ans[23][18]=731653021;
ans[23][19]=961444462;
ans[23][20]=517163752;
ans[23][21]=621055919;
ans[23][22]=582044100;
ans[23][23]=470224525;
ans[23][24]=287282346;
ans[24][1]=242786;
ans[24][2]=715422623;
ans[24][3]=239803598;
ans[24][4]=635146701;
ans[24][5]=84517320;
ans[24][6]=749395312;
ans[24][7]=6231573;
ans[24][8]=378154791;
ans[24][9]=48280463;
ans[24][10]=262980650;
ans[24][11]=816324661;
ans[24][12]=892558209;
ans[24][13]=822629042;
ans[24][14]=897976323;
ans[24][15]=579196025;
ans[24][16]=118063594;
ans[24][17]=14117233;
ans[24][18]=873733338;
ans[24][19]=110126488;
ans[24][20]=43469418;
ans[24][21]=429295212;
ans[24][22]=367195929;
ans[24][23]=287282346;
ans[24][24]=833181761;

	// math_init();
	while(T--) procedure();
	return 0;
}